      #n           Simpson          Trapecio      ErrorSimpson     ErrorTrapecio
       2  4.1968066052e+00  4.5525678762e+00  1.6656675747e-01  1.8919451347e-01
       4  4.3100493643e+00  4.3706789923e+00  5.3323998380e-02  7.3056295825e-03
       6  4.3518658179e+00  4.3637042084e+00  1.1507544756e-02  3.3084569173e-04
       8  4.3609592682e+00  4.3633891992e+00  2.4140944621e-03  1.5836549033e-05
      10  4.3628612060e+00  4.3633741450e+00  5.1215668904e-04  7.8234667900e-07
      12  4.3632631344e+00  4.3633734029e+00  1.1022833497e-04  4.0171705074e-08
      14  4.3633493543e+00  4.3633733654e+00  2.4008360939e-05  2.6559412447e-09
      16  4.3633680846e+00  4.3633733633e+00  5.2780471309e-06  6.0190963325e-10
      18  4.3633721939e+00  4.3633733631e+00  1.1688353512e-06  3.9845815536e-10
      20  4.3633731023e+00  4.3633733630e+00  2.6035809420e-07  3.1809843648e-10
      22  4.3633733044e+00  4.3633733630e+00  5.8274158832e-08  2.6231194994e-10
      24  4.3633733496e+00  4.3633733629e+00  1.3097007034e-08  2.2017143664e-10
      26  4.3633733597e+00  4.3633733629e+00  2.9550708547e-09  1.8744650276e-10
      28  4.3633733620e+00  4.3633733629e+00  6.6995209380e-10  1.6152057469e-10
      30  4.3633733625e+00  4.3633733628e+00  1.5325785085e-10  1.4062617737e-10
      32  4.3633733627e+00  4.3633733628e+00  3.5909053508e-11  1.2354473000e-10
      34  4.3633733627e+00  4.3633733628e+00  9.0389917773e-12  1.0939871231e-10
      36  4.3633733627e+00  4.3633733628e+00  2.7515767442e-12  9.7550412193e-11
      38  4.3633733627e+00  4.3633733628e+00  1.1901590824e-12  8.7528206905e-11
      40  4.3633733627e+00  4.3633733628e+00  7.3097083941e-13  7.8975048723e-11
      42  4.3633733627e+00  4.3633733628e+00  5.4711790654e-13  7.1620043229e-11
      44  4.3633733627e+00  4.3633733628e+00  4.4408920985e-13  6.5245586711e-11
      46  4.3633733627e+00  4.3633733628e+00  3.6948222260e-13  5.9686477982e-11
      48  4.3633733627e+00  4.3633733627e+00  3.1175062531e-13  5.4807713923e-11
      50  4.3633733627e+00  4.3633733627e+00  2.6911806117e-13  5.0504489479e-11
      52  4.3633733627e+00  4.3633733627e+00  2.3270274596e-13  4.6687986810e-11
      54  4.3633733627e+00  4.3633733627e+00  2.0161650127e-13  4.3288039819e-11
      56  4.3633733627e+00  4.3633733627e+00  1.7674750552e-13  4.0249581446e-11
      58  4.3633733627e+00  4.3633733627e+00  1.5454304503e-13  3.7517544627e-11
      60  4.3633733627e+00  4.3633733627e+00  1.3944401189e-13  3.5053737690e-11
      62  4.3633733627e+00  4.3633733627e+00  1.2345680034e-13  3.2826186214e-11
      64  4.3633733627e+00  4.3633733627e+00  1.0924594562e-13  3.0803803952e-11
      66  4.3633733627e+00  4.3633733627e+00  9.8587804587e-14  2.8962610088e-11
      68  4.3633733627e+00  4.3633733627e+00  9.1482377229e-14  2.7282176518e-11
      70  4.3633733627e+00  4.3633733627e+00  8.1712414612e-14  2.5744739673e-11
      72  4.3633733627e+00  4.3633733627e+00  7.6383344094e-14  2.4330759629e-11
      74  4.3633733627e+00  4.3633733627e+00  6.8389738317e-14  2.3033130958e-11
      76  4.3633733627e+00  4.3633733627e+00  6.5725203058e-14  2.1833201913e-11
      78  4.3633733627e+00  4.3633733627e+00  6.0396132540e-14  2.0727419781e-11
      80  4.3633733627e+00  4.3633733627e+00  5.8619775700e-14  1.9700685527e-11
      82  4.3633733627e+00  4.3633733627e+00  5.2402526762e-14  1.8752999154e-11
      84  4.3633733627e+00  4.3633733627e+00  4.7961634664e-14  1.7868373448e-11
      86  4.3633733627e+00  4.3633733627e+00  4.7073456244e-14  1.7045920231e-11
      88  4.3633733627e+00  4.3633733627e+00  4.4408920985e-14  1.6277645898e-11
      90  4.3633733627e+00  4.3633733627e+00  4.1744385726e-14  1.5562662270e-11
      92  4.3633733627e+00  4.3633733627e+00  3.9968028887e-14  1.4890311206e-11
      94  4.3633733627e+00  4.3633733627e+00  3.7303493627e-14  1.4264145420e-11
      96  4.3633733627e+00  4.3633733627e+00  3.7303493627e-14  1.3674394950e-11
      98  4.3633733627e+00  4.3633733627e+00  3.4638958368e-14  1.3120171616e-11
     100  4.3633733627e+00  4.3633733627e+00  3.2862601529e-14  1.2600587240e-11
     102  4.3633733627e+00  4.3633733627e+00  3.2862601529e-14  1.2111200931e-11
     104  4.3633733627e+00  4.3633733627e+00  3.2862601529e-14  1.1645795439e-11
     106  4.3633733627e+00  4.3633733627e+00  2.9309887850e-14  1.1211476192e-11
     108  4.3633733627e+00  4.3633733627e+00  3.0198066270e-14  1.0802914119e-11
     110  4.3633733627e+00  4.3633733627e+00  3.0198066270e-14  1.0408562900e-11
     112  4.3633733627e+00  4.3633733627e+00  2.8421709430e-14  1.0040857035e-11
     114  4.3633733627e+00  4.3633733627e+00  2.7533531011e-14  9.6909147373e-12
     116  4.3633733627e+00  4.3633733627e+00  2.5757174171e-14  9.3578478300e-12
     118  4.3633733627e+00  4.3633733627e+00  2.8421709430e-14  9.0452090262e-12
     120  4.3633733627e+00  4.3633733627e+00  2.7533531011e-14  8.7423401851e-12
     122  4.3633733627e+00  4.3633733627e+00  2.4868995752e-14  8.4581230908e-12
     124  4.3633733627e+00  4.3633733627e+00  2.3980817332e-14  8.1890050296e-12
     126  4.3633733627e+00  4.3633733627e+00  2.4868995752e-14  7.9287687527e-12
     128  4.3633733627e+00  4.3633733627e+00  2.3980817332e-14  7.6836315088e-12
     130  4.3633733627e+00  4.3633733627e+00  2.3980817332e-14  7.4464878708e-12
     132  4.3633733627e+00  4.3633733627e+00  2.0428103653e-14  7.2226669090e-12
     134  4.3633733627e+00  4.3633733627e+00  2.3092638912e-14  7.0077277314e-12
     136  4.3633733627e+00  4.3633733627e+00  2.2204460493e-14  6.8007821596e-12
     138  4.3633733627e+00  4.3633733627e+00  2.3092638912e-14  6.6044947289e-12
     140  4.3633733627e+00  4.3633733627e+00  2.2204460493e-14  6.4179772608e-12
     142  4.3633733627e+00  4.3633733627e+00  2.3092638912e-14  6.2367888631e-12
     144  4.3633733627e+00  4.3633733627e+00  2.3092638912e-14  6.0689231418e-12
     146  4.3633733627e+00  4.3633733627e+00  2.3092638912e-14  5.8992810636e-12
     148  4.3633733627e+00  4.3633733627e+00  2.0428103653e-14  5.7411853049e-12
     150  4.3633733627e+00  4.3633733627e+00  2.2204460493e-14  5.5919713304e-12
     152  4.3633733627e+00  4.3633733627e+00  2.0428103653e-14  5.4436455343e-12
     154  4.3633733627e+00  4.3633733627e+00  2.2204460493e-14  5.3024251656e-12
     156  4.3633733627e+00  4.3633733627e+00  2.2204460493e-14  5.1665338674e-12
     158  4.3633733627e+00  4.3633733627e+00  2.3980817332e-14  5.0333071044e-12
     160  4.3633733627e+00  4.3633733627e+00  2.1316282073e-14  4.9107384825e-12
     162  4.3633733627e+00  4.3633733627e+00  2.1316282073e-14  4.7908343959e-12
     164  4.3633733627e+00  4.3633733627e+00  2.1316282073e-14  4.6718184876e-12
     166  4.3633733627e+00  4.3633733627e+00  1.9539925233e-14  4.5625725420e-12
     168  4.3633733627e+00  4.3633733627e+00  1.9539925233e-14  4.4515502395e-12
     170  4.3633733627e+00  4.3633733627e+00  2.0428103653e-14  4.3476333644e-12
     172  4.3633733627e+00  4.3633733627e+00  2.1316282073e-14  4.2454928462e-12
     174  4.3633733627e+00  4.3633733627e+00  2.0428103653e-14  4.1495695768e-12
     176  4.3633733627e+00  4.3633733627e+00  1.9539925233e-14  4.0545344859e-12
     178  4.3633733627e+00  4.3633733627e+00  2.0428103653e-14  3.9657166440e-12
     180  4.3633733627e+00  4.3633733627e+00  1.8651746814e-14  3.8786751588e-12
     182  4.3633733627e+00  4.3633733627e+00  2.0428103653e-14  3.7898573169e-12
     184  4.3633733627e+00  4.3633733627e+00  1.8651746814e-14  3.7099212591e-12
     186  4.3633733627e+00  4.3633733627e+00  1.9539925233e-14  3.6273206661e-12
     188  4.3633733627e+00  4.3633733627e+00  1.9539925233e-14  3.5536018572e-12
     190  4.3633733627e+00  4.3633733627e+00  1.8651746814e-14  3.4789948700e-12
     192  4.3633733627e+00  4.3633733627e+00  2.1316282073e-14  3.4026115259e-12
     194  4.3633733627e+00  4.3633733627e+00  2.0428103653e-14  3.3333336091e-12
     196  4.3633733627e+00  4.3633733627e+00  1.7763568394e-14  3.2684965845e-12
     198  4.3633733627e+00  4.3633733627e+00  2.1316282073e-14  3.1992186678e-12
     200  4.3633733627e+00  4.3633733627e+00  1.7763568394e-14  3.1352698215e-12
